806606632482471936
806528937346158593
806631566269104128
806861313330782212
806861626360164352
806864571877232640
805803934996692992
806611265128841216
806868709088305152
801194053983498240
806850147099480069
806874423911288833
806861919265193988
806299435676250112
806866461788688384
806006878467747844
806621965377294339
806844572768858113
806868577013891074
806821303332339713
806834355696009216
806777845783482368
806793078891679744
788757546790227968
806800698763526144
806808213828018176
806857369468731393
806862497386995712
806708157565136896
806874414780252160
806767831777849345
806832312113631232
806854911740772352
806789190234968068
806021917731790848
806800489899663360
806736148777156609
806568348976906240
806815695229112322
806861338874179584
806227141507579904
806871369640185856
806830705099436032
806815911349014530
806816752416026624
806869595696996352
806620254533095424
806544556716126208
806532680472989697
806864431653195776
806830364727607301
806827088472850432
804348497906561024
806830832828739584
806850169396457474
806861426543489024
806467773820010496
806865302130540545
806824211000004608
806785965532409856
806819176916676608
804581042158010368
806438787656118272
806871375696789505
806866275112775680
806855348703428608
801971364034846720
806668442908639233
806804922280775681
806172201196064768
806559178647072773
806716838763778049
806860403154239488
806849612493504512
806030634862989312
806862486779654144
806873135341572096
806870428169990144
806863556117458945
798776319387406337
806855710873186304
806861484785541122
806857095580680192
806809548010831872
806872556162678785
806876774348902400
806842022325690368
806876017256112130
806805593705091072
806486420768559104
806869663598657537
806825298297815040
806848368869867520
806694980161044480
806812855077109761
806841050010685440
806558902812901376
806868523205148672
806746046986473472
806800753067069440
806585352358076416
806759377818390529
806714004458459137
806813663361400833
806829438386184192
806679704488902656
805849428993130496
806618089152532489
806850577690980352
806864066820132864
806876019483361283
806872406035931137
806433911547068416
806762752656097281
806847514653655040
806846291510640640
806857637879017472
806545426396643328
806836658607980544
806820945323261952
806770470750011392
806861340983836672
806661724317229056
806875500555681792
806849590490234880
806783050314985473
806873372730806274
806876794108440576
806784120311250944
806525633459261440
806870745137774592
806626306754375681
806873607498584064
806648459117924352
796336733574963200
806874511140339716
806566234355597315
806669090127392768
806696528853090305
806833284223270912
806339998207397888
806860461543223296
806874938154029056
806579887058235393
806843849494634496
806833263318855680
806822161654628353
806740595624407040
806830692818710529
806793063666307074
806004013502119937
804663993357008897
803345091175727104
806755429220876288
805322686884958208
806872260317483008
806870324977410049
806770472511602688
806826469171163137
806792506486554624
806807789339193344
804646371240411140
806877321244209153
806854624384864256
806863028234973184
806861779867496449
806875988776742912
806794323996000258
806596777361244161
806869028409114624
806861398634622976
806800496568639488
806786683991535616
806755428155592705
806845889994231808
806815591097126912
806877312557793281
805758474370093057
806766047386738688
806868440233316353
806806892429221888
806683959417597952
806792508487258113
806687948892676096
786600793726222336
803999684423544832
806872719753101312
805935962241069056
806323047296888832
806647463268511744
806872978394873858
806438278018854912
806878064596623360
806875615009742848
806725109083881476
806810625745756160
806805824420986881
806844645980381184
806852118934065155
806782369336279041
806786648033947648
806804528590942208
806852215575105536
806662577531056129
806828708610867200
805900968319746048
806755388615888896
805910178193436676
806556224338722817
806838164878983168
806822680158760960
806815920995897344
806538152638906368
806862353820172288
806801034769072130
806778091423076352
806498872742789120
806878536506155008
806781868263624704
806797556650909696
806801645086470144
806866452569526274
806868980820537345
806781363919519744
806873341168599040
806789462973759488
806708275198640128
790541100637417472
806877704993800194
806806164042153984
806877824682442752
806535850364469248
806866557028749312
806572743437254659
805822888750305280
806867142696116225
806806075705958401
806519035781267460
806867751088181248
806900288476958721
806657662372954113
806691754795737088
806823183194136577
804867476928479232
806620294962024448
806886169678086146
805728314103099392
806873864030552064
806882572898811905
801352466126278656
806888960983080960
806899589873827840
806897787958923265
806883657743007745
806607351696543744
806794998695854080
806402188776013828
806800494580695040
806899330707619841
806900277425020928
806821250102423552
806896296107843584
806892768538820608
805823942535639040
806828399582908416
806882315737698304
806790635541794816
806861203192610817
801064636606988288
806831019676598272
806891456635899904
806762754619023360
806889701114253312
806886362574155776
806891679802359808
806880613407932416
806889794500337664
806900086294781952
806567015171444737
805048484214820872
806888183652909058
800446510840188928
806147717932220416
806889099269459968
806897899061833728
806898720121954305
798148568196513792
806899911304351744
806882707594563584
806634971926564865
806119028431278080
806857654366830592
806887975950893057
806865509299945472
806883611513421825
806837232204029957
806840252866371584
806900638399352832
805831633320497152
806900636369309697
805949695432519680
806898995037487104
802437741451448320
806260150466211840
806830601726791681
806854340321349634
805834439792218113
806419169277345793
806656436327563270
806332370026516480
806900625095000066
805882338433466368
806898837470253056
806900589103816704
801505349484367876
806891128310140929
806900615343263744
806634419926667264
806900612554104833
800979286433955840
806887464359043074
806821044036239360
806898655298891776
798365781541130241
800333784168022016
805852025581748224
806785716747239424
798096402740080640
806883608094855168
806811801019105280
806770445240279040
806919940569698304
806918070086184960
806533774829899776
806259227580833793
806921181085384704
805743642510036992
806568420221321216
806905686802268160
806902663224979456
806917252733894656
806921481565376513
806921525064560641
805833029772070912
806883931027021824
806891204914847745
806921861238034432
806215691309350912
494390696074567681
806541283351285760
806853506573496320
806922110098698240
806904057319329792
806909977491189761
806914300954615808
806706698287190016
806318631542018050
806906234569981952
805691384296603648
806207860950581248
806889929557110784
806876497466290177
806921787166564352
806919764840845312
805780961740910592
806913975564771328
806903682944159745
806906383627124736
806902057286385664
806809287628451840
806131180798091265
806608890678956045
806921878174580736
806193512840593408
806921852320940032
806921782137589760
803391479540580352
806189101720412162
806072918476288000
805532146144161793
806917392886398976
806520913814581248
806399140108398593
806936393544912896
806930970318278657
805438451289989124
806536099069919233
806814633457750017
800649811632472068
806693420475420672
806830996276576256
806559141560991744
806933416021106688
806933706413740032
806822478957854720
806928845869760512
805970760514859009
806938981728419840
806939702473289728
804528907978412033
806944509141643264
806922580062040064
806932717950488576
806911373187940353
806719974655938560
806944764612329476
806913930606022656
806944152378183680
806674693856051202
806664243315613696
806668124061896704
805743216813285376
800856552865402880
781676151920029696
806904997015388160
806877340861104128
806936392756498433
806942211392737280
806813519379386368
806915266034548736
806927492510601216
806815449778360320
806081428651995136
795805420950589448
806815578958790661
806911590893228032
806908531106598912
800748077946695680
